Root---[ 0]---
  Root---[ 0, 0, 0]---
    Root---[ 0, 0, 0, 0, 0, 0]---
      Hoja [ 0, 0, 0, 0]
      Hoja [ 0, 0, 0]
      Hoja [ 0, 0, 0, 0, 0, 0]
      Hoja [ 0, 0, 0, 0, 0, 0]
      Hoja [ 0, 0, 0, 0, 0, 0]
      Hoja [ 0, 0, 0, 0, 0, 0]
      Hoja [ 0, 0, 0, 0, 0, 0]
    Root---[ 0, 0, 0, 0, 0]---
      Hoja [ 0, 0, 0, 0, 0, 0]
      Hoja [ 0, 0, 0, 0, 0, 0]
      Hoja [ 0, 0, 0, 0, 0, 0]
      Hoja [ 0, 0, 0, 0, 0, 0]
      Hoja [ 0, 0, 0, 0, 0, 0]
      Hoja [ 0, 0, 0, 0, 0, 0]
    Root---[ 0, 0, 0, 0, 0, 0]---
      Hoja [ 0, 0, 0, 0, 0, 0]
      Hoja [ 0, 0, 0, 0, 0, 0]
      Hoja [ 0, 0, 0, 0, 0, 0]
      Hoja [ 0, 0, 0, 0, 0, 0]
      Hoja [ 0, 0, 0, 0, 0, 0]
      Hoja [ 0, 0, 0, 0, 0, 0]
      Hoja [ 0, 0, 0, 0, 0, 0]
    Root---[ 0, 0, 0, 0, 0, 0]---
      Hoja [ 0, 0, 0, 0, 0, 0]
      Hoja [ 0, 0, 0, 0, 0, 0]
      Hoja [ 0, 0, 0, 0, 0, 0]
      Hoja [ 0, 0, 0, 0, 0, 0]
      Hoja [ 0, 0, 0, 0, 0, 0]
      Hoja [ 0, 0, 0, 0, 0, 0]
      Hoja [ 0, 0, 0, 0, 0, 0]
  Root---[ 0, 1, 1, 1, 1, 1]---
    Root---[ 0, 0, 0, 0, 0, 0]---
      Hoja [ 0, 0, 0, 0, 0, 0]
      Hoja [ 0, 0, 0, 0, 0, 0]
      Hoja [ 0, 0, 0, 0, 0, 0]
      Hoja [ 0, 0, 0, 0, 0, 0]
      Hoja [ 0, 0, 0, 0, 0, 0]
      Hoja [ 0, 0, 0, 0, 0, 0]
      Hoja [ 0, 0, 0]
    Root---[ 1, 1, 1, 1, 1, 1]---
      Hoja [ 0, 0, 1, 1, 1, 1]
      Hoja [ 1, 1, 1, 1]
      Hoja [ 1, 1, 1, 1, 1, 1]
      Hoja [ 1, 1, 1, 1, 1, 1]
      Hoja [ 1, 1, 1, 1, 1, 1]
      Hoja [ 1, 1, 1, 1, 1, 1]
      Hoja [ 1, 1, 1, 1, 1, 1]
    Root---[ 1, 1, 1]---
      Hoja [ 1, 1, 1, 1, 1, 1]
      Hoja [ 1, 1, 1, 1, 1, 1]
      Hoja [ 1, 1, 1, 1, 1, 1]
      Hoja [ 1, 1, 1, 1, 1, 1]
    Root---[ 1, 1, 1, 1, 1, 1]---
      Hoja [ 1, 1, 1, 1, 1, 1]
      Hoja [ 1, 1, 1, 1, 1, 1]
      Hoja [ 1, 1, 1, 1, 1, 1]
      Hoja [ 1, 1, 1, 1, 1, 1]
      Hoja [ 1, 1, 1, 1, 1, 1]
      Hoja [ 1, 1, 1, 1, 1, 1]
      Hoja [ 1, 1, 1, 1, 1, 1]
    Root---[ 1, 1, 1, 1, 1, 1]---
      Hoja [ 1, 1, 1, 1, 1, 1]
      Hoja [ 1, 1, 1, 1, 1, 1]
      Hoja [ 1, 1, 1, 1, 1, 1]
      Hoja [ 1, 1, 1, 1, 1, 1]
      Hoja [ 1, 1, 1, 1, 1, 1]
      Hoja [ 1, 1, 1, 1, 1, 1]
      Hoja [ 1, 1, 1, 1, 1, 1]
    Root---[ 1, 1, 1, 1, 1, 1]---
      Hoja [ 1, 1, 1, 1, 1, 1]
      Hoja [ 1, 1, 1, 1, 1, 1]
      Hoja [ 1, 1, 1, 1, 1, 1]
      Hoja [ 1, 1, 1, 1, 1, 1]
      Hoja [ 1, 1, 1, 1, 1, 1]
      Hoja [ 1, 1, 1, 1, 1, 1]
      Hoja [ 1, 1, 1, 1, 1, 1]
    Root---[ 1, 1, 1, 1, 1, 1]---
      Hoja [ 1, 1, 1, 1, 1, 1]
      Hoja [ 1, 1, 1, 1, 1, 1]
      Hoja [ 1, 1, 1, 1, 1, 1]
      Hoja [ 1, 1, 1, 1, 1, 1]
      Hoja [ 1, 1, 1, 1, 1, 1]
      Hoja [ 1, 1, 1, 1, 1, 1]
      Hoja [ 1, 1, 1, 1, 1, 1]